KOM_NAVN                  MBRMINX           MBRMINY           MBRMAXX           MBRMAXY
 ------------------------  ----------------  ----------------  ----------------  ----------------
 Aabenraa                  490317,969837205  6062617,61995873  550402,619880721  6123527,74032875
 Aalborg                   513748,999966052  6286999,19006526  594203,799897066  6353408,60996918
 Albertslund               698087,85014584   6161295,65044292  723493,169989382  6188842,41982881
 Allerød                   690864,979959464  6180210,73006896  724401,849951319  6209999,76997161
 Assens                    538138,839917545  6098676,96016423  592115,010165864  6153479,61975645
 Ballerup                  694819,370119022  6167597,04051176  725209,060065555  6194682,24986449
 Billund                   474153,059835667  6150842,92009227  522510,030078949  6204481,10013811
 Bogense                   551847,589926861  6130550,17999609  608614,560100085  6177391,26009344
 Bornholm                  852327,030258618  6100277,60985933  902798,329831007  6153281,10005765
 Brøndby                   701566,010078275  6157679,63028887  727685,289940079  6184895,90997849
 Brønderslev-Dronninglund  534598,03007785   6316025,529864    597211,530136427  6365871,2000127
 Christiansø               881418,210127604  6137552,29010119  903021,210048006  6158980,50990959
 Dragør                    714213,899846395  6152387,69010201  742031,779949878  6178534,69006578
 Egedal                    684972,979958505  6166957,93998161  720019,289999017  6201628,78005611
 Esbjerg                   445409,36007054   6109348,56986396  506118,699861577  6171406,75994364
 Faaborg-Midtfyn           557565,189963811  6086038,02008718  615707,169920077  6144059,94985885
 Fanø                      447457,940009877  6122627,31005386  477223,290000237  6157320,42017754
 Favrskov                  530823,040104783  6217371,27967212  586750,429975638  6266469,69028712
 Faxe                      669719,549974501  6103999,75995114  718799,620001111  6153882,01986172
 Fredensborg               698919,159987084  6188722,71004523  731398,530011437  6222855,61000647
 Fredericia                525161,879971291  6141633,17019376  564146,320048086  6175013,77003828
 Frederiksberg             709501,089946323  6164595,90007923  733633,67016609   6188102,83949157
 Frederikshavn             561178,290015522  6327245,75003792  608139,980170606  6412204,51994558
 Frederikssund             668584,14002096   6168418,46995477  712290,530107856  6212986,71004826
 Frederiksværk-Hundested   657152,469942001  6186826,06994672  704821,77005702   6241608,11013236
 Furesø                    696559,640031252  6173787,46048266  725666,90002978   6204683,990159
 Gentofte                  709550,509875479  6170939,14989262  736103,680032917  6197373,02981649
 Gladsaxe                  704342,180169759  6169984,65002373  731116,270125821  6196597,06014022
 Glostrup                  701790,990078251  6163275,15004055  725734,20002321   6189019,68021675
 Greve                     687764,759920117  6151177,81012232  721918,079899976  6178892,83018172
 Gribskov                  677460,119980658  6197397,41992503  722533,829960322  6235468,9301095
 Guldborgsund              653040,849951154  6039781,67977815  713314,370074749  6105299,6798879
 Haderslev                 482684,049971333  6098883,93039426  559491,800082045  6147361,37995472
 Hedensted                 514142,580085913  6159529,03993129  579039,210016336  6207898,57989563
 Helsingør                 701190,510100579  6198991,7702712   735756,939872295  6232177,99030446
 Herlev                    702937,250117871  6168862,66012228  727241,329862143  6194568,93989011
 Herning                   454897,129928177  6182700,01019645  521709,510155455  6262161,81044275
 Hillerød                  682372,169859949  6183547,49012592  722181,229932208  6221545,70004998
 Hjørring                  531497,090103055  6341829,86048595  594657,050143449  6397014,9700029
 Holbæk                    637969,210049561  6144690,21997837  690230,130125998  6198460,77983639
 Holstebro                 435321,710123944  6221592,80003411  510164,899901252  6279097,55984745
 Horsens                   518841,370045173  6168079,69013454  595237,110102508  6223980,17987783
 Hvidovre                  705581,72997597   6156826,32015863  730703,819901083  6184404,07988513
 Høje Taastrup             688116,00010849   6156741,73033071  720627,210114563  6188416,3701718
 Hørsholm                  702469,889895623  6185314,71984412  732900,649968956  6212053,04967163
 Ikast-Brande              487362,92010671   6177231,29015355  544950,209980575  6246826,94013281
 Ishøj                     692094,409963901  6156032,44006145  724130,360120625  6180824,75988077
 Jammerbugt                491814,059861024  6308251,40990008  565610,209949981  6367186,12985451
 Kalundborg                607287,68001239   6138264,50012782  665161,239953751  6209123,84000084
 Kerteminde                583590,92988529   6121896,65974485  623695,200057182  6175003,24007683
 Kolding                   503607,969927893  6119228,68004846  553856,870160146  6174996,93003408
 København                 706905,340093615  6158892,63044879  744629,619926629  6192101,51965213
 Køge                      673794,160039902  6130104,91009788  714505,329930092  6168361,60996411
 Langeland                 588281,310018825  6055155,84987051  634637,409930915  6124868,6899554
 Lejre                     664811,700006126  6147316,69006653  703720,730035642  6191658,43957196
 Lemvig                    435464,250098445  6234973,79003052  480776,930007214  6295446,82989742
 Lolland                   615552,710056333  6042482,82997424  677963,48015633   6111797,67994657
 Lyngby-Taarbæk            704064,109846202  6174853,02013958  735504,9000274    6200663,76022966
 Læsø                      600759,110121652  6328487,86015122  642490,419917587  6369620,96016364
 Mariagerfjord             522353,290017164  6257654,71986456  591690,319658663  6312561,09949084
 Middelfart                531612,589895464  6122902,96012485  579019,92009285   6166848,56954829
 Morsø                     459522,509929151  6270572,01002926  510895,240089524  6325661,41987591
 Norddjurs                 565013,090169635  6230415,80005803  672829,949915359  6301339,93032678
 Nyborg                    587354,080076638  6105388,20013514  627853,509948851  6153352,05009275
 Næstved                   644612,129974755  6101287,36986204  704078,179882856  6153710,38994162
 Odder                     553249,739930942  6178596,04042526  601410,840127633  6219469,95953685
 Odense                    564530,709962078  6117624,75011082  609988,71989705   6159280,58017718
 Odsherred                 631956,48994803   6169004,87997216  684359,059997312  6219604,65990762
 Randers                   537842,470056065  6237654,17007169  593560,360091404  6294965,71983951
 Rebild                    521708,720116377  6268773,65026089  585016,50011784   6324442,98967101
 Ringkøbing-Skjern         433772,049934565  6170955,13991074  501557,289936986  6245625,7300801
 Ringsted                  656587,660057826  6127662,54996079  698664,810008833  6171187,89991241
 Roskilde                  677398,759885876  6146383,019686    714232,309848489  6196018,05024513
 Rudersdal                 702430,450058679  6178562,51013032  734470,450067899  6207954,59032155
 Rødovre                   705229,249994592  6164182,30009654  728758,120013623  6189758,59995199
 Samsø                     584872,280102604  6171038,59964354  622043,360088547  6217473,17010473
 Silkeborg                 503776,88016851   6195501,61014977  563459,060079501  6257298,31981272
 Skanderborg               529382,740076235  6191242,79009436  578037,879847137  6240555,69007353
 Skive                     470030,079905079  6250528,40002449  528143,21000922   6310307,96957404
 Slagelse                  613391,420031328  6102484,4500311   670200,710128249  6164244,78035892
 Solrød                    685260,049992605  6145994,80993272  715279,020098242  6172489,21997308
 Sorø                      636309,420089391  6128144,2102329   681457,069888791  6173522,75992314
 Stevns                    686907,700054219  6116120,20990074  729366,650021775  6157084,73014601
 Struer                    452519,809939228  6239317,23992943  492281,489841941  6293332,12007536
 Svendborg                 577084,189872376  6079549,93009346  630396,419920302  6131178,04001967
 Syddjurs                  561739,31014846   6207641,96991936  624320,710124058  6267056,23001017
 Sønderborg                519633,250053367  6066675,2002909   578757,020157982  6114373,3895837
 Thisted                   441774,270078691  6270854,30993045  515823,019885677  6345059,2798653
 Tårnby                    710756,059893626  6154187,94992043  750793,89006206   6186096,32972353
 Tønder                    455654,24985232   6071606,57010536  525914,229838896  6132057,71041213
 Vallensbæk                700270,910025302  6157911,52987924  724432,340097194  6182952,5099519
 Varde                     431577,079901161  6138020,47995676  504613,630135004  6199458,27023488
 Vejen                     474999,949880317  6117007,05998485  529166,069939406  6174672,59997717
 Vejle                     493436,570135556  6147940,77992533  557208,500143991  6211271,83002048
 Vesthimmerland            494162,760087424  6267061,11010955  550240,170086232  6330821,55047258
 Viborg                    488258,430113912  6220412,18006622  558942,29995116   6292236,02991202
 Vordingborg               656996,820036132  6075907,38995984  737441,230060219  6126000,36017718
 Århus                     548945,190003625  6196098,96960226  596018,009973995  6253527,95991804
 Ærø                       567091,760099063  6065270,07016112  610339,699984165  6102320,30999975
